POTEC	18	14513678	18|000014513678
POTEC	18	14513764	18|000014513764
POTEC	18	14533105	18|000014533105
POTEC	18	14537949	18|000014537949
POTEC	18	14537970	18|000014537970
POTEC	18	14542648	18|000014542648
POTEC	18	14542780	18|000014542780
POTEC	18	14542791	18|000014542791
POTEC	18	14542809	18|000014542809
POTEC	18	14542821	18|000014542821
POTEC	18	14542890	18|000014542890
POTEC	18	14542931	18|000014542931
POTEC	18	14542945	18|000014542945
POTEC	18	14542949	18|000014542949
POTEC	18	14542978	18|000014542978
POTEC	18	14542979	18|000014542979
POTEC	18	14543039	18|000014543039
POTEC	18	14543057	18|000014543057
POTEC	18	14543063	18|000014543063
POTEC	18	14543139	18|000014543139
